10.918 -25.505
10.996 -25.477
11.207 -25.336
11.326 -25.398
11.497 -25.371
11.610 -25.418
11.680 -25.369
11.779 -25.384
11.866 -25.371
12.036 -25.535
12.202 -25.489
12.311 -25.520
12.378 -25.465
12.457 -25.432
12.551 -25.430
12.663 -25.464
12.836 -25.428
12.934 -25.434
13.033 -25.440
13.137 -25.454
9.057 -15.336
9.090 -15.287
3.016 -5.004
3.039 -5.007
9.135 -14.751
9.121 -14.630
9.114 -14.523
9.123 -14.440
9.110 -14.324
9.113 -14.234
9.115 -14.143
9.158 -14.025
9.159 -13.935
9.159 -13.845
9.157 -13.751
9.156 -13.661
9.152 -13.567
9.194 -13.454
9.192 -13.365
9.192 -13.280
9.189 -13.191
9.188 -13.106
9.187 -13.021
9.225 -12.909
9.222 -12.824
9.223 -12.744
9.223 -12.663
9.222 -12.583
9.221 -12.503
9.223 -12.427
9.258 -12.320
9.259 -12.244
9.256 -12.165
9.256 -12.089
9.247 -12.002
9.255 -11.939
1.996 -2.543
2.008 -2.527
2.013 -2.517
2.026 -2.519
2.053 -2.536
1.993 -2.447
1.991 -2.430
2.017 -2.447
2.012 -2.426
2.123 -2.543
2.121 -2.526
2.122 -2.512
2.161 -2.511
2.165 -2.501
2.231 -2.562
9.345 -10.666
2.237 -2.538
2.274 -2.565
2.285 -2.562
2.313 -2.577
2.301 -2.548
2.244 -2.471
2.434 -2.663
2.276 -2.475
2.266 -2.450
2.304 -2.476
2.360 -2.506
9.389 -9.909
9.391 -9.852
9.383 -9.784
9.381 -9.724
9.418 -9.646
9.363 -9.532
9.385 -9.440
9.343 -9.012
9.363 -8.977
9.412 -8.969
9.446 -8.948
5.816 -5.282
5.782 -5.157
5.790 -5.133
5.817 -5.126
5.828 -5.105
5.840 -5.084
5.870 -5.079
5.866 -5.046
5.881 -5.028
5.896 -5.010
5.911 -4.992
5.942 -4.988
5.957 -4.970
5.995 -4.971
6.094 -4.992
6.128 -4.989
6.190 -5.009
12.691 -6.214
12.683 -6.163
12.715 -6.085
12.733 -6.047
12.425 -5.809
0.760 -0.353
12.451 -5.730
0.740 -0.338
0.751 -0.337
0.729 -0.325
0.707 -0.313
0.694 -0.305
0.681 -0.296
0.655 -0.283
0.652 -0.277
0.634 -0.267
0.621 -0.259
0.609 -0.250
0.611 -0.229
0.611 -0.228
0.626 -0.231
0.632 -0.231
0.623 -0.225
0.624 -0.224
0.615 -0.217
0.611 -0.213
0.607 -0.210
0.598 -0.205
0.604 -0.204
0.619 -0.207
0.629 -0.207
0.644 -0.209
0.654 -0.211
0.522 -0.166
0.675 -0.213
0.552 -0.172
0.552 -0.170
0.558 -0.169
0.525 -0.157
0.559 -0.165
0.565 -0.165
0.575 -0.166
0.585 -0.167
0.734 -0.207
0.576 -0.161
0.572 -0.158
0.567 -0.155
0.563 -0.152
0.564 -0.150
0.559 -0.147
0.560 -0.145
0.627 -0.161
0.556 -0.141
0.546 -0.137
0.547 -0.135
0.508 -0.124
0.567 -0.137
0.558 -0.133
0.634 -0.149
0.563 -0.130
0.612 -0.140
0.612 -0.138
0.608 -0.135
0.372 -0.081
0.608 -0.131
0.627 -0.133
0.604 -0.126
0.605 -0.125
0.600 -0.122
0.601 -0.120
0.596 -0.117
0.596 -0.116
0.659 -0.126
0.597 -0.112
0.597 -0.110
0.598 -0.108
0.598 -0.107
0.603 -0.106
0.604 -0.104
0.604 -0.102
0.642 -0.106
0.605 -0.098
0.605 -0.097
0.605 -0.095
0.605 -0.093
0.611 -0.092
0.611 -0.090
0.689 -0.099
0.611 -0.086
0.617 -0.085
0.617 -0.083
0.622 -0.082
0.627 -0.081
0.637 -0.080
0.862 -0.106
0.643 -0.077
0.653 -0.076
0.668 -0.076
0.678 -0.075
0.688 -0.074
0.699 -0.073
0.888 -0.090
0.714 -0.070
0.724 -0.069
0.734 -0.068
0.744 -0.067
0.749 -0.065
0.760 -0.063
0.889 -0.072
0.770 -0.060
0.770 -0.057
0.770 -0.055
0.770 -0.053
0.766 -0.050
0.761 -0.047
0.756 -0.045
0.856 -0.048
0.751 -0.040
0.751 -0.038
0.746 -0.035
0.742 -0.033
0.742 -0.031
0.737 -0.028
0.802 -0.028
0.732 -0.024
0.727 -0.021
0.717 -0.019
0.707 -0.017
0.697 -0.014
0.687 -0.012
0.743 -0.011
0.677 -0.008
0.657 -0.005
0.672 -0.004
0.672 -0.002
0.743 0.000
0.892 0.003
0.733 0.005
0.733 0.007
0.722 0.009
0.733 0.011
0.738 0.014
0.743 0.016
0.897 0.022
0.743 0.021
0.772 0.024
0.817 0.028
0.852 0.031
0.891 0.035
0.886 0.038
0.886 0.040
0.896 0.044
0.881 0.046
0.881 0.048
0.881 0.051
0.880 0.053
0.885 0.056
0.885 0.059
0.900 0.063
0.885 0.064
0.885 0.067
0.889 0.070
0.889 0.073
0.889 0.075
0.889 0.078
0.903 0.082
0.888 0.083
0.893 0.087
0.893 0.089
0.892 0.092
0.892 0.095
0.892 0.097
0.906 0.102
0.891 0.103
0.891 0.105
0.891 0.108
0.890 0.111
0.890 0.113
0.890 0.116
0.889 0.119
0.904 0.123
0.893 0.125
0.893 0.127
0.893 0.130
0.892 0.133
0.892 0.135
0.891 0.138
0.911 0.144
0.891 0.143
0.895 0.147
0.895 0.150
0.894 0.152
0.894 0.155
0.898 0.158
0.898 0.161
0.912 0.167
0.897 0.167
0.896 0.169
0.896 0.172
0.895 0.175
0.895 0.177
0.894 0.180
0.913 0.187
0.898 0.186
0.897 0.189
0.897 0.192
0.901 0.196
0.900 0.198
0.900 0.201
0.909 0.206
0.899 0.206
0.898 0.209
0.897 0.212
0.897 0.214
0.896 0.217
0.900 0.221
0.914 0.227
0.899 0.226
0.898 0.229
0.902 0.233
0.902 0.236
0.901 0.238
0.900 0.241
0.914 0.248
0.904 0.248
0.903 0.251
0.902 0.253
0.906 0.257
0.905 0.260
0.909 0.264
0.918 0.270
0.913 0.271
0.917 0.275
0.925 0.281
0.929 0.285
0.933 0.289
0.937 0.294
0.936 0.296
0.940 0.301
0.939 0.304
0.938 0.306
0.942 0.311
0.941 0.314
0.940 0.316
0.944 0.321
0.948 0.325
0.942 0.327
0.941 0.329
0.945 0.334
0.944 0.337
0.947 0.341
0.946 0.344
0.950 0.349
0.944 0.350
0.943 0.353
0.947 0.357
0.946 0.360
0.945 0.363
0.944 0.366
0.952 0.372
0.946 0.373
0.945 0.376
0.948 0.381
0.947 0.383
0.951 0.388
0.366 0.151
0.958 0.398
0.947 0.397
0.946 0.400
0.945 0.402
0.934 0.401
0.924 0.400
0.895 0.391
0.862 0.380
0.833 0.370
0.823 0.368
0.786 0.354
0.758 0.344
0.747 0.342
0.760 0.351
0.754 0.351
0.749 0.351
0.748 0.354
0.745 0.355
0.739 0.355
0.768 0.372
0.735 0.358
0.727 0.357
0.726 0.359
0.731 0.365
0.757 0.380
0.847 0.429
0.959 0.489
0.898 0.461
0.948 0.491
0.933 0.487
0.919 0.483
0.909 0.481
0.899 0.479
0.893 0.480
0.956 0.517
0.890 0.485
0.889 0.488
0.887 0.490
0.886 0.493
0.885 0.496
0.883 0.498
0.962 0.547
0.880 0.503
0.879 0.506
0.881 0.511
0.880 0.514
0.882 0.519
0.881 0.522
0.953 0.569
0.878 0.527
0.880 0.532
0.878 0.535
0.881 0.540
0.879 0.542
0.882 0.548
0.884 0.553
0.966 0.608
0.885 0.561
0.887 0.566
0.890 0.571
0.892 0.576
0.894 0.582
0.897 0.587
0.970 0.639
0.897 0.595
0.899 0.601
0.902 0.606
0.908 0.614
0.910 0.619
0.912 0.625
0.956 0.659
0.916 0.636
0.918 0.641
0.924 0.650
0.696 0.492
0.654 0.465
0.644 0.461
0.635 0.458
0.633 0.460
0.628 0.458
0.618 0.454
0.609 0.450
0.600 0.446
0.626 0.469
0.585 0.441
0.584 0.442
0.594 0.453
0.601 0.461
0.604 0.466
0.598 0.465
0.600 0.470
0.592 0.466
0.585 0.463
0.569 0.453
0.556 0.446
0.566 0.457
0.573 0.465
0.583 0.476
0.589 0.484
0.315 0.260
0.598 0.497
0.292 0.245
0.292 0.245
0.589 0.499
0.337 0.287
0.306 0.263
0.378 0.326
0.400 0.347
0.384 0.335
0.383 0.336
0.549 0.485
0.377 0.335
0.369 0.330
0.364 0.328
0.356 0.322
0.344 0.313
0.336 0.308
0.324 0.299
0.522 0.484
0.312 0.291
0.300 0.281
0.295 0.279
0.295 0.280
0.294 0.281
0.293 0.282
0.507 0.491
0.295 0.287
0.287 0.281
0.276 0.271
0.278 0.276
0.519 0.517
0.521 0.522
0.532 0.537
0.282 0.286
0.523 0.534
0.503 0.516
0.487 0.503
0.490 0.510
0.555 0.580
0.556 0.585
0.561 0.594
0.563 0.599
0.716 0.767
0.563 0.606
0.558 0.604
0.573 0.624
0.584 0.641
0.619 0.683
0.719 0.798
0.710 0.793
0.946 1.063
0.692 0.782
0.265 0.302
0.664 0.760
0.254 0.292
0.637 0.738
0.261 0.305
0.717 0.841
0.650 0.766
0.249 0.296
0.683 0.816
0.700 0.841
0.696 0.841
0.690 0.839
0.707 0.865
0.685 0.844
0.680 0.842
0.663 0.826
0.626 0.785
0.593 0.748
0.588 0.746
0.666 0.851
0.259 0.332
0.249 0.321
0.573 0.745
0.232 0.303
0.255 0.335
0.248 0.328
0.235 0.313
0.246 0.330
0.283 0.382
0.598 0.813
0.306 0.419
0.614 0.845
0.229 0.317
0.625 0.871
0.616 0.865
0.219 0.310
0.608 0.864
0.603 0.862
0.600 0.864
0.595 0.862
0.610 0.889
0.587 0.861
0.584 0.863
0.579 0.860
0.576 0.862
0.574 0.864
0.568 0.861
0.568 0.867
0.572 0.878
0.555 0.858
0.552 0.860
0.553 0.866
0.573 0.903
0.586 0.930
0.735 1.175
0.735 1.182
0.728 1.180
0.725 1.182
0.719 1.180
0.715 1.182
0.709 1.180
0.705 1.182
0.712 1.201
0.696 1.182
0.692 1.184
0.686 1.182
0.680 1.179
0.677 1.181
0.671 1.179
0.677 1.198
0.661 1.179
0.658 1.181
0.652 1.178
0.648 1.180
0.644 1.182
0.639 1.180
0.642 1.195
0.631 1.184
0.626 1.181
0.620 1.178
0.616 1.180
0.610 1.178
0.616 1.197
0.603 1.181
0.597 1.179
0.594 1.181
0.590 1.182
0.587 1.184
0.581 1.181
0.578 1.183
0.578 1.194
0.568 1.182
0.563 1.179
0.559 1.181
0.553 1.178
0.550 1.180
0.544 1.177
0.547 1.192
0.537 1.180
0.532 1.177
0.528 1.179
0.522 1.176
0.519 1.177
0.515 1.179
0.516 1.190
0.506 1.177
0.503 1.179
0.499 1.180
0.496 1.182
0.490 1.179
0.487 1.180
0.487 1.191
0.478 1.178
0.474 1.180
0.471 1.181
0.467 1.183
0.464 1.184
0.460 1.185
0.460 1.197
0.453 1.188
0.449 1.190
0.444 1.186
0.440 1.188
0.435 1.184
0.432 1.185
0.430 1.193
0.423 1.183
0.419 1.185
0.414 1.181
0.412 1.187
0.411 1.194
0.402 1.181
0.391 1.159
0.409 1.226
0.409 1.237
0.411 1.257
0.415 1.283
0.418 1.303
0.399 1.258
0.417 1.329
0.419 1.348
0.416 1.354
0.415 1.365
0.428 1.424
0.408 1.372
0.405 1.378
0.403 1.384
0.405 1.409
0.412 1.449
0.419 1.488
0.426 1.533
0.419 1.525
0.422 1.555
0.405 1.511
0.407 1.536
0.405 1.547
0.402 1.553
0.395 1.547
0.382 1.514
0.405 1.626
0.377 1.531
0.375 1.547
0.379 1.582
0.361 1.525
0.382 1.637
0.361 1.571
0.389 1.713
0.364 1.627
0.320 1.451
0.363 1.668
0.340 1.585
0.328 1.554
0.299 1.437
0.292 1.423
0.341 1.689
0.286 1.440
0.283 1.446
0.280 1.456
0.274 1.447
0.313 1.682
0.262 1.429
0.257 1.430
0.252 1.426
0.245 1.412
0.238 1.396
0.286 1.704
0.238 1.447
0.245 1.517
0.258 1.631
0.255 1.641
0.250 1.642
0.244 1.638
0.250 1.710
0.235 1.639
0.230 1.640
0.225 1.641
0.220 1.646
0.216 1.647
0.211 1.648
0.214 1.715
0.201 1.654
0.196 1.654
0.191 1.655
0.186 1.656
0.181 1.656
0.176 1.657
0.178 1.724
0.167 1.658
0.162 1.658
0.157 1.664
0.152 1.664
0.147 1.665
0.142 1.665
0.143 1.732
0.132 1.666
0.127 1.671
0.122 1.672
0.118 1.677
0.113 1.677
0.110 1.714
0.103 1.678
0.098 1.678
0.092 1.673
0.087 1.674
0.082 1.674
0.077 1.674
0.072 1.674
0.070 1.747
0.062 1.675
0.057 1.680
0.052 1.680
0.047 1.680
0.042 1.680
0.038 1.718
0.032 1.681
0.027 1.681
0.022 1.681
0.017 1.681
0.012 1.686
0.007 1.686
0.002 1.723
-0.003 1.691
-0.008 1.691
-0.013 1.691
-0.018 1.691
-0.023 1.691
-0.029 1.691
-0.034 1.728
-0.039 1.691
-0.044 1.690
-0.049 1.690
-0.054 1.690
-0.059 1.690
-0.064 1.690
-0.071 1.732
-0.074 1.689
-0.079 1.689
-0.084 1.689
-0.089 1.689
-0.094 1.688
-0.099 1.688
-0.109 1.760
-0.110 1.687
-0.115 1.692
-0.120 1.692
-0.125 1.691
-0.131 1.696
-0.136 1.696
-0.144 1.732
-0.146 1.695
-0.151 1.694
-0.157 1.699
-0.162 1.703
-0.174 1.767
-0.187 1.851
-0.209 2.007
-0.206 1.920
-0.211 1.914
-0.216 1.908
-0.221 1.898
-0.224 1.877
-0.232 1.892
-0.248 1.972
-0.244 1.895
-0.250 1.899
-0.256 1.904
-0.262 1.903
-0.267 1.897
-0.273 1.896
-0.279 1.898
-0.285 1.899
-0.294 1.918
-0.300 1.922
-0.306 1.921
-0.641 3.951
-0.648 3.919
-0.828 4.913
-0.663 3.866
-0.665 3.810
-0.674 3.793
-0.692 3.826
-0.707 3.843
-0.720 3.851
-0.762 4.006
-0.755 3.905
-0.787 4.006
-0.807 4.048
-0.812 4.006
-0.788 3.832
-0.800 3.830
-0.852 4.018
-0.831 3.864
-0.863 3.955
-0.877 3.962
-0.899 4.003
-0.907 3.986
-0.925 4.007
-0.935 3.943
-0.934 3.887
-0.945 3.879
-0.795 2.991
-0.813 2.987
-0.822 2.984
-0.839 3.010
-0.844 2.993
-0.832 2.883
-0.845 2.895
-0.853 2.893
-0.862 2.890
-0.874 2.897
-0.888 2.913
-0.922 2.960
-0.944 3.000
-0.959 3.016
-0.960 2.989
-0.898 2.739
-1.139 3.438
-1.149 3.434
-0.929 2.750
-0.939 2.751
-0.947 2.749
-0.959 2.755
-1.207 3.435
-0.980 2.737
-0.911 2.520
-0.922 2.527
-0.940 2.552
-0.951 2.559
-0.955 2.546
-1.300 3.433
-0.969 2.536
-0.982 2.547
-0.987 2.539
-0.993 2.532
-1.262 3.190
-1.274 3.190
-1.384 3.437
-1.297 3.192
-1.192 2.909
-1.201 2.906
-1.209 2.902
-1.220 2.903
-1.356 3.200
-1.377 3.196
-1.387 3.192
-1.400 3.197
-1.408 3.188
-1.415 3.179
-1.427 3.180
-1.589 3.512
-1.593 3.494
-1.606 3.493
-1.618 3.493
